27605 -8078 -5423 3279 -23977 -9911 17003 12501
-23315 11129 8701 -25080 18796 87 5154 8099
11173 21807 16606 -15747 -15523 -26016 2410 2899
-30767 29021 32073 -29178 29791 27729 -18065 -1431
14456 -32532 -8255 -31766 25447 23013 -21214 -32695
15622 1839 -18638 16221 8737 28526 8633 19721
10433 8248 30855 -29990 -17853 26044 12929 -26089
3608 -31850 16204 -15776 25767 -26694 26717 -15731
16556 4231 3948 32718 -13033 -14057 -21021 -30047
-22800 -26387 5956 20876 -29114 -1904 22956 -20594
-7300 12334 25668 -23723 17210 -11636 29088 -1981
4774 22489 3673 -15552 20759 1510 -5280 3648
-5383 -7965 -25321 -28184 7509 2557 -29716 -2523
-30329 25771 10781 -12282 16360 2215 -4066 6936
-11319 3278 -32534 -30 2969 19599 23215 -21041
291 -31921 -11128 13311 30309 -7350 -18206 24201
